name: a3_csc485
channels:
  - conda-forge
  - defaults
dependencies:
  - backports=1.0=py_2
  - backports.weakref=1.0rc1=py36_1
  - bleach=1.5.0=py36_0
  - html5lib=0.9999999=py36_0
  - libprotobuf=3.6.1=h1a1b453_1000
  - markdown=2.6.11=py_0
  - mkl_fft=1.0.10=py36_0
  - mkl_random=1.0.2=py36_0
  - mock=2.0.0=py36_1000
  - pbr=4.2.0=py_0
  - protobuf=3.6.1=py36he025d50_1001
  - six=1.11.0=py36_1001
  - tensorflow=1.3.0=py36_0
  - webencodings=0.5.1=py_1
  - werkzeug=0.14.1=py_0
  - zlib=1.2.11=h2fa13f4_1003
  - blas=1.0=mkl
  - certifi=2018.10.15=py36_0
  - icc_rt=2017.0.4=h97af966_0
  - intel-openmp=2019.1=144
  - mkl=2018.0.3=1
  - nltk=3.3.0=py36_0
  - numpy=1.15.4=py36ha559c80_0
  - numpy-base=1.15.4=py36h8128ebf_0
  - pip=18.1=py36_0
  - python=3.6.2=h09676a0_15
  - setuptools=40.6.2=py36_0
  - vc=14.1=h0510ff6_4
  - vs2015_runtime=14.15.26706=h3a45250_0
  - wheel=0.32.3=py36_0
  - wincertstore=0.2=py36h7fe50ca_0
prefix: C:\Users\johnp\AppData\Local\conda\conda\envs\a3_csc485

